279320
279321
302899
302900
356055
374074
374078
1024311
1024980
1024981
1024993
1024994
1024995
1024996
1025003
1025004
1025008
1025020
1115897
1181010
1181015
1181018
1181200
1181244
1181300
1181400
1181500
1181501
1181502
1181503
1181504
1287145
1287147
1287149
1640777
1640779
1640780
1640783
1640784
1640786
2284166
2284170
2284171
2284172
2284173
2765000
2765010
2765020
2765025
2765026
2765027
3182708
3182710
3182712
3182713
3182714
3182715
3182716
3182765
3183008
3183009
3183010
3183011
3183012
3183013
3183015
3183017
3183019
3184000
3184006
3184007
3184010
3184013
3184017
3184288
3184299
3184300
3184310
3184418
3184419
3184420
3585040
3585042
3760068
3760070
3784763
3784767
3784769
3784771
3784772
3784773
3801211
3801213
3801216
3944406
3944407
4160000
4160007
4160008
4160010
4160100
4160200
4160201
4160202
4160203
4160204
4160205
4220000
4220001
4220002
4220003
4259005
4259010
4259017
4259019
4390000
4390001
4390002
4390003
5180040
5180041
5180042
5180043
5690000
5690004
5690005
5690011
5690013
5690100
5690102
5690103
5690104
5690105
6618000
6618001
6618002
6618004
6820000
6820001
6820002
6820003
7190005
7190006
7190007
7190008
7580001
7580002
7580030
7580032
7590000
7590001
7590002
8800000
9000100
9000101
9000102
9000103
9000200
9000201
9000202
9000203
9000300
9000301
9000302
9000303
9000400
9000401
9000402
9000403

# 20260628
9000530
9000531
9000532
9000533
9000540
9000541
9000542
9000543
9000550
9000551
9000553
9000560
9000570
9000571
9000572
9000573

3184400
3184404
3184405
3184406
3184408
3184410
3184412
3184413
3184414
3184415
3184416
3184417
3184421
3184422
3184423
3184426
